40 18 66 50 42 29 46 36 99 33 37 37 13 96 65 21 73 38 71 30 74 88 86 59 22 95 2 80 54 20 84 67 84 87 38 33 62 26 97 79 28 82 69 1 99 90 17 64 94 69 86 72 75 3 75 1 87 83 33 19 70 71 29 26 15 69 55 12 32 94 92 77 18 71 40 57 43 11 98 56 48 12 27 32 95 69 54 57 24 93 61 97 80 91 17 48 86 93 75 53 
32 60 24 95 89 62 59 45 43 47 62 77 81 14 11 65 80 68 40 86 27 87 55 5 11 32 8 4 44 19 13 58 19 44 21 13 21 76 88 29 59 83 11 46 51 72 15 38 74 51 21 65 80 41 73 70 20 63 24 79 67 7 21 42 68 67 58 42 10 48 13 57 74 69 69 47 19 90 8 53 48 34 80 89 93 33 9 26 50 87 31 84 22 44 99 88 35 52 36 71 
84 28 77 21 72 28 38 61 45 20 40 65 38 18 94 19 57 61 82 23 2 48 9 88 76 79 7 26 29 91 79 27 7 6 51 9 86 29 0 4 37 94 9 21 68 5 66 10 43 35 92 79 90 35 76 30 79 92 41 7 38 5 74 19 90 23 82 69 99 22 19 51 67 91 10 55 27 98 61 75 57 61 3 17 33 42 26 27 33 75 26 83 64 4 50 42 63 63 11 77 
39 90 77 47 27 44 63 90 91 6 47 38 97 83 27 44 8 20 19 23 71 51 25 30 42 18 91 21 28 74 27 90 51 77 60 91 65 81 93 82 43 19 24 26 41 63 81 26 53 10 72 29 33 74 86 56 21 15 32 63 30 67 47 66 82 39 76 56 4 6 66 63 95 8 11 88 35 95 55 34 36 58 69 9 12 26 1 68 67 25 58 1 17 7 61 82 89 21 42 81 
94 70 44 93 52 9 81 59 8 80 3 44 56 51 6 9 30 72 78 32 71 26 17 86 13 78 35 63 43 82 26 43 45 75 30 4 81 74 93 55 80 78 32 83 25 45 10 70 67 19 1 67 54 17 36 27 82 80 0 27 85 99 20 26 43 19 95 36 18 36 32 5 51 21 82 85 72 20 58 42 41 13 99 49 7 23 16 43 44 4 53 39 13 46 71 89 90 22 42 93 
84 70 30 25 5 52 42 25 44 49 98 93 67 44 38 6 71 59 81 95 99 8 24 12 10 29 48 96 95 14 96 91 38 69 2 66 6 24 2 3 9 35 25 94 65 1 92 50 41 45 74 23 99 86 10 44 70 35 51 56 82 13 42 30 37 19 86 57 89 33 20 59 16 86 80 18 78 28 76 69 61 45 48 38 7 11 4 45 17 29 55 49 31 45 81 10 36 58 7 37 
80 51 78 81 61 95 70 16 63 72 54 52 64 16 30 8 37 78 41 65 47 74 77 26 58 16 27 23 0 41 76 59 13 93 94 97 2 53 80 37 45 95 67 21 77 4 82 42 15 53 73 74 45 98 48 51 71 30 42 77 36 21 99 54 34 45 15 67 30 76 22 4 46 71 37 89 33 19 98 20 7 26 72 50 62 37 53 17 65 53 45 60 4 97 76 3 81 13 37 55 
50 17 88 6 83 53 38 96 47 77 30 25 95 22 66 59 47 68 8 32 42 55 13 25 65 81 69 14 27 94 49 93 4 78 13 71 88 4 88 50 52 69 67 82 0 25 40 95 23 61 25 99 68 93 64 78 62 81 24 26 88 63 73 82 12 25 2 30 89 90 13 56 94 31 73 74 66 46 80 16 51 55 75 27 57 83 19 68 16 42 62 67 80 70 87 88 4 42 98 79 
78 93 84 48 32 59 0 34 81 10 28 41 34 7 55 99 47 5 55 52 21 59 42 66 19 33 6 68 66 27 62 39 71 50 22 3 67 85 99 9 9 42 83 30 64 43 64 56 95 62 39 44 24 4 1 78 97 13 66 6 38 66 66 90 19 37 29 78 49 50 7 40 22 55 9 90 66 34 71 21 73 43 87 45 63 25 14 93 2 42 3 2 7 2 74 63 20 94 87 55 
38 85 19 86 27 60 94 59 23 8 76 47 18 68 75 68 46 51 35 56 89 91 65 89 73 56 45 66 0 60 26 68 25 99 68 0 54 20 10 20 0 50 10 93 91 25 71 23 33 17 54 61 16 38 57 9 97 2 39 68 25 0 68 43 62 54 14 37 82 10 78 77 8 75 86 84 11 34 0 12 17 3 35 4 89 21 45 55 18 66 22 49 73 94 96 14 66 72 36 46 
